#include "gaussfilter.h"

void gaussfilter_init(DALProcess *p)
{
}

int gaussfilter_fire(DALProcess *p)
{
    float gaussian[225] = { 
        0.0004503546090991954, 0.0006946225649220917, 0.0010022826148854721, 0.0013529400153834549, 0.001708495821762172, 0.002018349329376185, 0.0022306209813440416, 0.0023062281327124574, 0.0022306209813440416, 0.002018349329376185, 0.001708495821762172, 0.0013529400153834549, 0.0010022826148854721, 0.0006946225649220917, 0.0004503546090991954, 
        0.0006946225649220917, 0.001071379082061687, 0.001545910948088511, 0.002086761509005435, 0.002635167323467362, 0.0031130823572214543, 0.0034404880867755293, 0.0035571038210188838, 0.0034404880867755293, 0.0031130823572214543, 0.002635167323467362, 0.002086761509005435, 0.001545910948088511, 0.001071379082061687, 0.0006946225649220917, 
        0.0010022826148854721, 0.001545910948088511, 0.0022306209813440416, 0.003011023378031067, 0.0038023273774900348, 0.004491919040521963, 0.004964338289935132, 0.005132605099792263, 0.004964338289935132, 0.004491919040521963, 0.0038023273774900348, 0.003011023378031067, 0.0022306209813440416, 0.001545910948088511, 0.0010022826148854721, 
        0.0013529400153834549, 0.002086761509005435, 0.003011023378031067, 0.004064456426652465, 0.005132605099792263, 0.006063456479766891, 0.006701155764455699, 0.006928292199764062, 0.006701155764455699, 0.006063456479766891, 0.005132605099792263, 0.004064456426652465, 0.003011023378031067, 0.002086761509005435, 0.0013529400153834549, 
        0.001708495821762172, 0.002635167323467362, 0.0038023273774900348, 0.005132605099792263, 0.00648146574721936, 0.007656947051109584, 0.008462235202131387, 0.008749063624886188, 0.008462235202131387, 0.007656947051109584, 0.00648146574721936, 0.005132605099792263, 0.0038023273774900348, 0.002635167323467362, 0.001708495821762172, 
        0.002018349329376185, 0.0031130823572214543, 0.004491919040521963, 0.006063456479766891, 0.007656947051109584, 0.009045614129589184, 0.009996949672156112, 0.010335797416083325, 0.009996949672156112, 0.009045614129589184, 0.007656947051109584, 0.006063456479766891, 0.004491919040521963, 0.0031130823572214543, 0.002018349329376185, 
        0.0022306209813440416, 0.0034404880867755293, 0.004964338289935132, 0.006701155764455699, 0.008462235202131387, 0.009996949672156112, 0.011048338047132795, 0.011422822719376695, 0.011048338047132795, 0.009996949672156112, 0.008462235202131387, 0.006701155764455699, 0.004964338289935132, 0.0034404880867755293, 0.0022306209813440416, 
        0.0023062281327124574, 0.0035571038210188838, 0.005132605099792263, 0.006928292199764062, 0.008749063624886188, 0.010335797416083325, 0.011422822719376695, 0.011810000592095395, 0.011422822719376695, 0.010335797416083325, 0.008749063624886188, 0.006928292199764062, 0.005132605099792263, 0.0035571038210188838, 0.0023062281327124574, 
        0.0022306209813440416, 0.0034404880867755293, 0.004964338289935132, 0.006701155764455699, 0.008462235202131387, 0.009996949672156112, 0.011048338047132795, 0.011422822719376695, 0.011048338047132795, 0.009996949672156112, 0.008462235202131387, 0.006701155764455699, 0.004964338289935132, 0.0034404880867755293, 0.0022306209813440416, 
        0.002018349329376185, 0.0031130823572214543, 0.004491919040521963, 0.006063456479766891, 0.007656947051109584, 0.009045614129589184, 0.009996949672156112, 0.010335797416083325, 0.009996949672156112, 0.009045614129589184, 0.007656947051109584, 0.006063456479766891, 0.004491919040521963, 0.0031130823572214543, 0.002018349329376185, 
        0.001708495821762172, 0.002635167323467362, 0.0038023273774900348, 0.005132605099792263, 0.00648146574721936, 0.007656947051109584, 0.008462235202131387, 0.008749063624886188, 0.008462235202131387, 0.007656947051109584, 0.00648146574721936, 0.005132605099792263, 0.0038023273774900348, 0.002635167323467362, 0.001708495821762172, 
        0.0013529400153834549, 0.002086761509005435, 0.003011023378031067, 0.004064456426652465, 0.005132605099792263, 0.006063456479766891, 0.006701155764455699, 0.006928292199764062, 0.006701155764455699, 0.006063456479766891, 0.005132605099792263, 0.004064456426652465, 0.003011023378031067, 0.002086761509005435, 0.0013529400153834549, 
        0.0010022826148854721, 0.001545910948088511, 0.0022306209813440416, 0.003011023378031067, 0.0038023273774900348, 0.004491919040521963, 0.004964338289935132, 0.005132605099792263, 0.004964338289935132, 0.004491919040521963, 0.0038023273774900348, 0.003011023378031067, 0.0022306209813440416, 0.001545910948088511, 0.0010022826148854721, 
        0.0006946225649220917, 0.001071379082061687, 0.001545910948088511, 0.002086761509005435, 0.002635167323467362, 0.0031130823572214543, 0.0034404880867755293, 0.0035571038210188838, 0.0034404880867755293, 0.0031130823572214543, 0.002635167323467362, 0.002086761509005435, 0.001545910948088511, 0.001071379082061687, 0.0006946225649220917, 
        0.0004503546090991954, 0.0006946225649220917, 0.0010022826148854721, 0.0013529400153834549, 0.001708495821762172, 0.002018349329376185, 0.0022306209813440416, 0.0023062281327124574, 0.0022306209813440416, 0.002018349329376185, 0.001708495821762172, 0.0013529400153834549, 0.0010022826148854721, 0.0006946225649220917, 0.0004503546090991954, 
    };

	unsigned int width = 320;

	TOKEN_in1_t *rbuf = (TOKEN_in1_t *)DAL_read_begin(PORT_in1, sizeof(TOKEN_in1_t), TOKEN_in1_RATE, p);

	DAL_foreach (blk : PORT_out1)
	{
		unsigned int idx = (blk < 7+7*width || blk+7+7*width > TOKEN_in1_RATE) ? 7+7*width : blk;

		float tmpgauss = 0.0;
		for (int k = -7; k < 8; k++)
		{
			tmpgauss += gaussian[(k+7)*15] * rbuf[idx-7+k*width]
			          + gaussian[(k+7)*15+1] * rbuf[idx-6+k*width]
			          + gaussian[(k+7)*15+2] * rbuf[idx-5+k*width]
			          + gaussian[(k+7)*15+3] * rbuf[idx-4+k*width]
			          + gaussian[(k+7)*15+4] * rbuf[idx-3+k*width]
			          + gaussian[(k+7)*15+5] * rbuf[idx-2+k*width]
			          + gaussian[(k+7)*15+6] * rbuf[idx-1+k*width]
			          + gaussian[(k+7)*15+7] * rbuf[idx+k*width]
			          + gaussian[(k+7)*15+8] * rbuf[idx+1+k*width]
			          + gaussian[(k+7)*15+9] * rbuf[idx+2+k*width]
			          + gaussian[(k+7)*15+10] * rbuf[idx+3+k*width]
			          + gaussian[(k+7)*15+11] * rbuf[idx+4+k*width]
			          + gaussian[(k+7)*15+12] * rbuf[idx+5+k*width]
			          + gaussian[(k+7)*15+13] * rbuf[idx+6+k*width]
			          + gaussian[(k+7)*15+14] * rbuf[idx+7+k*width];
		}

		TOKEN_out1_t *wbuf = (TOKEN_out1_t *)DAL_write_begin(PORT_out1, sizeof(TOKEN_out1_t), TOKEN_out1_RATE, BLOCK_out1_SIZE, idx, p);
		*wbuf = (tmpgauss);
		DAL_write_end(PORT_out1, wbuf, p);
    }

    DAL_read_end(PORT_in1, rbuf, p);

    return 0;
}

void gaussfilter_finish(DALProcess *p)
{
}
